1 1.0 0.5
2 0.625 0.3125
3 0.5185185185185185 0.3333333333333333
4 0.46875 0.3359375
5 0.44000000000000006 0.3360000000000001
6 0.4212962962962963 0.3356481481481481
7 0.4081632653061224 0.33527696793002915
8 0.3984375 0.3349609375
9 0.3909465020576131 0.3347050754458162
10 0.3850000000000001 0.3345000000000001
11 0.3801652892561984 0.33433508640120213
12 0.37615740740740733 0.33420138888888884
13 0.3727810650887574 0.3340919435593992
14 0.3698979591836734 0.3340014577259474
15 0.3674074074074074 0.3339259259259259
16 0.365234375 0.3338623046875
17 0.3633217993079585 0.333808263789945
18 0.36162551440329216 0.3337620027434842
19 0.3601108033240996 0.33372211692666565
20 0.35875000000000007 0.3336875000000001
21 0.3575207860922146 0.33365727243278265
22 0.356404958677686 0.3336307287753569
23 0.35538752362948955 0.33360729843018
24 0.3544560185185185 0.3335865162037036
25 0.3536 0.3335680000000001
26 0.35281065088757413 0.33355143377332735
27 0.35208047553726557 0.33353655438703445
28 0.3514030612244897 0.3335231413994168
29 0.3507728894173603 0.33351100906146214
30 0.3501851851851852 0.3335
31 0.34963579604578565 0.33348998019536097
32 0.34912109375 0.3334808349609375
33 0.3486378940924396 0.33347246570387074
34 0.34818339100346024 0.3334647872990027
35 0.3477551020408163 0.3334577259475218
36 0.34735082304526743 0.33345121742112477
37 0.34696859021183346 0.3334452056146724
38 0.34660664819944587 0.33343964134713505
39 0.34626342318650016 0.33343448136347553
40 0.3459375000000001 0.33342968750000007
41 0.34562760261748965 0.3334252259833724
42 0.34533257747543455 0.3334210668394341
43 0.34505137912385075 0.3334171833926573
44 0.3447830578512397 0.33341355184072125
45 0.3445267489711934 0.3334101508916324
46 0.34428166351606804 0.3334069614531109
47 0.3440470801267541 0.33340396636583414
48 0.3438223379629629 0.3334011501736111
49 0.3436068304872969 0.33339849892476764
50 0.34340000000000004 0.333396
51 0.3432013328207099 0.3333936419627443
52 0.34301035502958593 0.3333914144287666
53 0.3428266286934851 0.33338930795220206
54 0.34264974851394603 0.33338731392572263
55 0.34247933884297516 0.3333854244928624
56 0.34231505102040816 0.3333836324708455
57 0.34215656099312597 0.3333819312824998
58 0.34200356718192626 0.3333803148960597
59 0.3418557885665039 0.33337877777182673
60 0.34171296296296294 0.3333773148148148
61 0.34157484547164757 0.3333759213326227
62 0.34144120707596254 0.3333745929978853
63 0.3413118333753254 0.33337332581474677
64 0.3411865234375 0.3333721160888672
65 0.34106508875739644 0.33337096040054615
66 0.34094735231098866 0.3333698555805994
67 0.34083314769436385 0.33336879868866837
68 0.34072231833910027 0.33336778699369013
69 0.34061471679619126 0.3333668179562812
70 0.3405102040816325 0.33336588921282784
71 0.340408649077564 0.33336499856109486
72 0.340309927983539 0.3333641439471878
73 0.34021392381309806 0.33336332345373076
74 0.3401205259313368 0.3333625352891241
75 0.3400296296296296 0.3333617777777778
76 0.33994113573407186 0.3333610493512173
77 0.33985495024456075 0.33336034853997426
78 0.3397709840017533 0.3333596739661829
79 0.3396891523794263 0.3333590243368171
80 0.33960937500000005 0.33335839843750004
81 0.33953157547121865 0.3333577951268343
82 0.33945568114217733 0.3333572133312054
83 0.3393816228770504 0.333356652040008
84 0.3393093348450491 0.3333561103012633
85 0.3392387543252595 0.33335558721758596
86 0.33916982152514874 0.33335508194247043
87 0.3391024794116352 0.3333545936768701
88 0.339036673553719 0.33335412166604056
89 0.3389723519757606 0.33335366519662557
90 0.3389094650205762 0.33335322359396435
91 0.33884796522159166 0.33335279621959973
92 0.3387878071833648 0.3333523824689735
93 0.3387289474698424 0.33335198176928904
94 0.3386713444997736 0.3333515935775309
95 0.33861495844875344 0.3333512173786266
96 0.3385597511574074 0.3333508526837384
97 0.33850568604527576 0.3333504990286772
98 0.33845272802998744 0.3333501559724264
99 0.3384008434513485 0.3333498230957674
100 0.33835000000000015 0.33334950000000013
