c Mesh Graph
c 25 Rows, 25 columns, capacities in range [0, 50]
p max 627 1850
n 1 s
n 627 t
a 1 26 150
a 1 25 150
a 1 24 150
a 1 23 150
a 1 22 150
a 1 21 150
a 1 20 150
a 1 19 150
a 1 18 150
a 1 17 150
a 1 16 150
a 1 15 150
a 1 14 150
a 1 13 150
a 1 12 150
a 1 11 150
a 1 10 150
a 1 9 150
a 1 8 150
a 1 7 150
a 1 6 150
a 1 5 150
a 1 4 150
a 1 3 150
a 1 2 150
a 2 28 5
a 2 27 30
a 2 51 12
a 3 29 48
a 3 28 12
a 3 27 5
a 4 30 26
a 4 29 48
a 4 28 43
a 5 31 50
a 5 30 17
a 5 29 48
a 6 32 31
a 6 31 7
a 6 30 30
a 7 33 38
a 7 32 3
a 7 31 10
a 8 34 44
a 8 33 46
a 8 32 44
a 9 35 14
a 9 34 7
a 9 33 15
a 10 36 15
a 10 35 15
a 10 34 10
a 11 37 33
a 11 36 2
a 11 35 34
a 12 38 14
a 12 37 15
a 12 36 9
a 13 39 27
a 13 38 20
a 13 37 13
a 14 40 27
a 14 39 14
a 14 38 10
a 15 41 43
a 15 40 13
a 15 39 37
a 16 42 50
a 16 41 44
a 16 40 36
a 17 43 4
a 17 42 3
a 17 41 19
a 18 44 2
a 18 43 46
a 18 42 6
a 19 45 8
a 19 44 12
a 19 43 49
a 20 46 24
a 20 45 23
a 20 44 15
a 21 47 26
a 21 46 6
a 21 45 29
a 22 48 42
a 22 47 14
a 22 46 11
a 23 49 13
a 23 48 26
a 23 47 24
a 24 50 26
a 24 49 38
a 24 48 1
a 25 51 38
a 25 50 26
a 25 49 27
a 26 27 32
a 26 51 12
a 26 50 21
a 27 53 36
a 27 52 30
a 27 76 20
a 28 54 34
a 28 53 37
a 28 52 26
a 29 55 45
a 29 54 35
a 29 53 27
a 30 56 18
a 30 55 49
a 30 54 36
a 31 57 25
a 31 56 28
a 31 55 9
a 32 58 41
a 32 57 40
a 32 56 34
a 33 59 18
a 33 58 16
a 33 57 28
a 34 60 5
a 34 59 18
a 34 58 40
a 35 61 31
a 35 60 46
a 35 59 18
a 36 62 44
a 36 61 16
a 36 60 5
a 37 63 25
a 37 62 38
a 37 61 38
a 38 64 11
a 38 63 13
a 38 62 26
a 39 65 47
a 39 64 39
a 39 63 9
a 40 66 48
a 40 65 24
a 40 64 5
a 41 67 27
a 41 66 32
a 41 65 24
a 42 68 16
a 42 67 18
a 42 66 1
a 43 69 31
a 43 68 47
a 43 67 41
a 44 70 50
a 44 69 36
a 44 68 8
a 45 71 45
a 45 70 3
a 45 69 15
a 46 72 11
a 46 71 10
a 46 70 47
a 47 73 48
a 47 72 49
a 47 71 42
a 48 74 12
a 48 73 24
a 48 72 18
a 49 75 50
a 49 74 34
a 49 73 28
a 50 76 25
a 50 75 41
a 50 74 26
a 51 52 8
a 51 76 14
a 51 75 23
a 52 78 27
a 52 77 16
a 52 101 49
a 53 79 23
a 53 78 6
a 53 77 17
a 54 80 9
a 54 79 16
a 54 78 49
a 55 81 13
a 55 80 32
a 55 79 49
a 56 82 24
a 56 81 30
a 56 80 43
a 57 83 23
a 57 82 21
a 57 81 3
a 58 84 48
a 58 83 38
a 58 82 2
a 59 85 34
a 59 84 17
a 59 83 13
a 60 86 24
a 60 85 42
a 60 84 14
a 61 87 39
a 61 86 15
a 61 85 40
a 62 88 5
a 62 87 15
a 62 86 48
a 63 89 12
a 63 88 31
a 63 87 24
a 64 90 27
a 64 89 30
a 64 88 49
a 65 91 10
a 65 90 30
a 65 89 7
a 66 92 39
a 66 91 22
a 66 90 21
a 67 93 9
a 67 92 27
a 67 91 45
a 68 94 48
a 68 93 30
a 68 92 19
a 69 95 14
a 69 94 45
a 69 93 16
a 70 96 8
a 70 95 8
a 70 94 49
a 71 97 24
a 71 96 48
a 71 95 24
a 72 98 38
a 72 97 47
a 72 96 13
a 73 99 21
a 73 98 22
a 73 97 19
a 74 100 2
a 74 99 20
a 74 98 30
a 75 101 31
a 75 100 28
a 75 99 9
a 76 77 4
a 76 101 49
a 76 100 20
a 77 103 30
a 77 102 45
a 77 126 9
a 78 104 10
a 78 103 13
a 78 102 19
a 79 105 6
a 79 104 28
a 79 103 17
a 80 106 13
a 80 105 29
a 80 104 32
a 81 107 12
a 81 106 2
a 81 105 39
a 82 108 10
a 82 107 16
a 82 106 12
a 83 109 32
a 83 108 34
a 83 107 50
a 84 110 1
a 84 109 16
a 84 108 22
a 85 111 29
a 85 110 26
a 85 109 23
a 86 112 29
a 86 111 45
a 86 110 3
a 87 113 23
a 87 112 5
a 87 111 6
a 88 114 37
a 88 113 24
a 88 112 38
a 89 115 14
a 89 114 40
a 89 113 49
a 90 116 42
a 90 115 23
a 90 114 4
a 91 117 46
a 91 116 12
a 91 115 18
a 92 118 11
a 92 117 25
a 92 116 30
a 93 119 47
a 93 118 26
a 93 117 39
a 94 120 14
a 94 119 47
a 94 118 22
a 95 121 39
a 95 120 19
a 95 119 25
a 96 122 35
a 96 121 21
a 96 120 5
a 97 123 40
a 97 122 29
a 97 121 33
a 98 124 15
a 98 123 16
a 98 122 7
a 99 125 6
a 99 124 14
a 99 123 43
a 100 126 28
a 100 125 17
a 100 124 8
a 101 102 41
a 101 126 34
a 101 125 2
a 102 128 16
a 102 127 15
a 102 151 47
a 103 129 41
a 103 128 6
a 103 127 7
a 104 130 40
a 104 129 29
a 104 128 5
a 105 131 8
a 105 130 3
a 105 129 18
a 106 132 29
a 106 131 7
a 106 130 6
a 107 133 9
a 107 132 39
a 107 131 43
a 108 134 24
a 108 133 47
a 108 132 34
a 109 135 39
a 109 134 41
a 109 133 48
a 110 136 7
a 110 135 49
a 110 134 5
a 111 137 40
a 111 136 50
a 111 135 32
a 112 138 7
a 112 137 46
a 112 136 25
a 113 139 14
a 113 138 4
a 113 137 40
a 114 140 42
a 114 139 9
a 114 138 32
a 115 141 45
a 115 140 26
a 115 139 21
a 116 142 1
a 116 141 34
a 116 140 29
a 117 143 42
a 117 142 28
a 117 141 9
a 118 144 40
a 118 143 11
a 118 142 19
a 119 145 31
a 119 144 10
a 119 143 42
a 120 146 29
a 120 145 14
a 120 144 30
a 121 147 30
a 121 146 47
a 121 145 38
a 122 148 25
a 122 147 21
a 122 146 29
a 123 149 30
a 123 148 12
a 123 147 35
a 124 150 40
a 124 149 46
a 124 148 50
a 125 151 18
a 125 150 16
a 125 149 42
a 126 127 3
a 126 151 46
a 126 150 36
a 127 153 30
a 127 152 6
a 127 176 38
a 128 154 42
a 128 153 24
a 128 152 31
a 129 155 1
a 129 154 17
a 129 153 21
a 130 156 16
a 130 155 48
a 130 154 3
a 131 157 14
a 131 156 35
a 131 155 31
a 132 158 37
a 132 157 14
a 132 156 12
a 133 159 48
a 133 158 50
a 133 157 38
a 134 160 43
a 134 159 50
a 134 158 17
a 135 161 11
a 135 160 41
a 135 159 7
a 136 162 8
a 136 161 28
a 136 160 26
a 137 163 16
a 137 162 17
a 137 161 28
a 138 164 41
a 138 163 50
a 138 162 7
a 139 165 8
a 139 164 20
a 139 163 48
a 140 166 7
a 140 165 22
a 140 164 50
a 141 167 42
a 141 166 4
a 141 165 17
a 142 168 7
a 142 167 15
a 142 166 30
a 143 169 6
a 143 168 2
a 143 167 16
a 144 170 5
a 144 169 20
a 144 168 16
a 145 171 47
a 145 170 28
a 145 169 8
a 146 172 26
a 146 171 3
a 146 170 20
a 147 173 43
a 147 172 30
a 147 171 30
a 148 174 42
a 148 173 36
a 148 172 45
a 149 175 13
a 149 174 35
a 149 173 35
a 150 176 36
a 150 175 36
a 150 174 42
a 151 152 41
a 151 176 2
a 151 175 1
a 152 178 7
a 152 177 32
a 152 201 42
a 153 179 10
a 153 178 47
a 153 177 50
a 154 180 29
a 154 179 14
a 154 178 5
a 155 181 9
a 155 180 22
a 155 179 12
a 156 182 11
a 156 181 43
a 156 180 10
a 157 183 41
a 157 182 22
a 157 181 36
a 158 184 28
a 158 183 16
a 158 182 30
a 159 185 15
a 159 184 3
a 159 183 23
a 160 186 50
a 160 185 46
a 160 184 37
a 161 187 2
a 161 186 46
a 161 185 22
a 162 188 35
a 162 187 37
a 162 186 14
a 163 189 33
a 163 188 36
a 163 187 20
a 164 190 47
a 164 189 43
a 164 188 31
a 165 191 20
a 165 190 4
a 165 189 9
a 166 192 12
a 166 191 15
a 166 190 17
a 167 193 34
a 167 192 50
a 167 191 30
a 168 194 1
a 168 193 31
a 168 192 22
a 169 195 3
a 169 194 3
a 169 193 1
a 170 196 49
a 170 195 41
a 170 194 15
a 171 197 44
a 171 196 14
a 171 195 17
a 172 198 33
a 172 197 27
a 172 196 18
a 173 199 20
a 173 198 48
a 173 197 4
a 174 200 12
a 174 199 28
a 174 198 36
a 175 201 17
a 175 200 39
a 175 199 32
a 176 177 32
a 176 201 7
a 176 200 1
a 177 203 33
a 177 202 36
a 177 226 13
a 178 204 16
a 178 203 7
a 178 202 48
a 179 205 20
a 179 204 8
a 179 203 50
a 180 206 11
a 180 205 24
a 180 204 3
a 181 207 24
a 181 206 40
a 181 205 1
a 182 208 3
a 182 207 9
a 182 206 46
a 183 209 50
a 183 208 12
a 183 207 28
a 184 210 30
a 184 209 48
a 184 208 50
a 185 211 18
a 185 210 31
a 185 209 11
a 186 212 24
a 186 211 34
a 186 210 30
a 187 213 12
a 187 212 48
a 187 211 13
a 188 214 18
a 188 213 45
a 188 212 47
a 189 215 27
a 189 214 44
a 189 213 12
a 190 216 3
a 190 215 48
a 190 214 32
a 191 217 44
a 191 216 50
a 191 215 42
a 192 218 3
a 192 217 46
a 192 216 17
a 193 219 16
a 193 218 25
a 193 217 19
a 194 220 15
a 194 219 24
a 194 218 21
a 195 221 46
a 195 220 37
a 195 219 50
a 196 222 31
a 196 221 18
a 196 220 19
a 197 223 28
a 197 222 30
a 197 221 44
a 198 224 22
a 198 223 26
a 198 222 5
a 199 225 17
a 199 224 38
a 199 223 25
a 200 226 15
a 200 225 21
a 200 224 3
a 201 202 16
a 201 226 12
a 201 225 5
a 202 228 11
a 202 227 28
a 202 251 49
a 203 229 38
a 203 228 49
a 203 227 3
a 204 230 11
a 204 229 19
a 204 228 20
a 205 231 49
a 205 230 20
a 205 229 35
a 206 232 16
a 206 231 38
a 206 230 32
a 207 233 47
a 207 232 31
a 207 231 12
a 208 234 25
a 208 233 36
a 208 232 39
a 209 235 12
a 209 234 12
a 209 233 12
a 210 236 34
a 210 235 14
a 210 234 30
a 211 237 45
a 211 236 19
a 211 235 46
a 212 238 24
a 212 237 19
a 212 236 12
a 213 239 24
a 213 238 23
a 213 237 24
a 214 240 42
a 214 239 42
a 214 238 11
a 215 241 13
a 215 240 28
a 215 239 24
a 216 242 2
a 216 241 11
a 216 240 22
a 217 243 33
a 217 242 24
a 217 241 40
a 218 244 20
a 218 243 14
a 218 242 36
a 219 245 31
a 219 244 25
a 219 243 10
a 220 246 46
a 220 245 7
a 220 244 23
a 221 247 14
a 221 246 2
a 221 245 6
a 222 248 34
a 222 247 15
a 222 246 2
a 223 249 6
a 223 248 39
a 223 247 28
a 224 250 50
a 224 249 49
a 224 248 1
a 225 251 27
a 225 250 22
a 225 249 45
a 226 227 40
a 226 251 46
a 226 250 7
a 227 253 13
a 227 252 35
a 227 276 9
a 228 254 27
a 228 253 22
a 228 252 43
a 229 255 3
a 229 254 32
a 229 253 14
a 230 256 9
a 230 255 6
a 230 254 46
a 231 257 13
a 231 256 14
a 231 255 41
a 232 258 27
a 232 257 15
a 232 256 7
a 233 259 15
a 233 258 42
a 233 257 40
a 234 260 14
a 234 259 43
a 234 258 46
a 235 261 37
a 235 260 39
a 235 259 47
a 236 262 32
a 236 261 45
a 236 260 25
a 237 263 18
a 237 262 5
a 237 261 14
a 238 264 40
a 238 263 49
a 238 262 27
a 239 265 23
a 239 264 12
a 239 263 3
a 240 266 28
a 240 265 7
a 240 264 7
a 241 267 41
a 241 266 50
a 241 265 16
a 242 268 6
a 242 267 6
a 242 266 30
a 243 269 49
a 243 268 45
a 243 267 6
a 244 270 43
a 244 269 42
a 244 268 23
a 245 271 31
a 245 270 38
a 245 269 36
a 246 272 28
a 246 271 13
a 246 270 24
a 247 273 32
a 247 272 26
a 247 271 8
a 248 274 31
a 248 273 4
a 248 272 25
a 249 275 44
a 249 274 8
a 249 273 14
a 250 276 3
a 250 275 15
a 250 274 36
a 251 252 2
a 251 276 32
a 251 275 14
a 252 278 9
a 252 277 11
a 252 301 6
a 253 279 3
a 253 278 18
a 253 277 13
a 254 280 47
a 254 279 40
a 254 278 12
a 255 281 36
a 255 280 27
a 255 279 4
a 256 282 50
a 256 281 3
a 256 280 37
a 257 283 28
a 257 282 10
a 257 281 14
a 258 284 31
a 258 283 34
a 258 282 45
a 259 285 39
a 259 284 48
a 259 283 27
a 260 286 5
a 260 285 35
a 260 284 21
a 261 287 38
a 261 286 50
a 261 285 25
a 262 288 48
a 262 287 6
a 262 286 28
a 263 289 17
a 263 288 18
a 263 287 36
a 264 290 9
a 264 289 31
a 264 288 38
a 265 291 35
a 265 290 37
a 265 289 36
a 266 292 37
a 266 291 23
a 266 290 22
a 267 293 48
a 267 292 36
a 267 291 21
a 268 294 32
a 268 293 32
a 268 292 48
a 269 295 31
a 269 294 11
a 269 293 31
a 270 296 15
a 270 295 33
a 270 294 21
a 271 297 15
a 271 296 7
a 271 295 25
a 272 298 22
a 272 297 34
a 272 296 12
a 273 299 41
a 273 298 19
a 273 297 11
a 274 300 22
a 274 299 8
a 274 298 29
a 275 301 10
a 275 300 44
a 275 299 37
a 276 277 32
a 276 301 17
a 276 300 24
a 277 303 19
a 277 302 39
a 277 326 12
a 278 304 2
a 278 303 39
a 278 302 10
a 279 305 12
a 279 304 19
a 279 303 41
a 280 306 46
a 280 305 39
a 280 304 21
a 281 307 2
a 281 306 15
a 281 305 37
a 282 308 37
a 282 307 28
a 282 306 3
a 283 309 5
a 283 308 40
a 283 307 24
a 284 310 15
a 284 309 20
a 284 308 15
a 285 311 10
a 285 310 7
a 285 309 38
a 286 312 26
a 286 311 32
a 286 310 47
a 287 313 16
a 287 312 43
a 287 311 30
a 288 314 4
a 288 313 2
a 288 312 48
a 289 315 22
a 289 314 44
a 289 313 1
a 290 316 12
a 290 315 14
a 290 314 13
a 291 317 28
a 291 316 3
a 291 315 8
a 292 318 7
a 292 317 5
a 292 316 12
a 293 319 48
a 293 318 29
a 293 317 48
a 294 320 18
a 294 319 45
a 294 318 5
a 295 321 26
a 295 320 34
a 295 319 21
a 296 322 7
a 296 321 30
a 296 320 30
a 297 323 49
a 297 322 9
a 297 321 7
a 298 324 3
a 298 323 8
a 298 322 22
a 299 325 46
a 299 324 8
a 299 323 28
a 300 326 12
a 300 325 22
a 300 324 49
a 301 302 14
a 301 326 32
a 301 325 13
a 302 328 18
a 302 327 43
a 302 351 42
a 303 329 48
a 303 328 42
a 303 327 1
a 304 330 44
a 304 329 48
a 304 328 48
a 305 331 27
a 305 330 18
a 305 329 15
a 306 332 6
a 306 331 47
a 306 330 42
a 307 333 16
a 307 332 5
a 307 331 48
a 308 334 23
a 308 333 27
a 308 332 47
a 309 335 33
a 309 334 4
a 309 333 49
a 310 336 4
a 310 335 4
a 310 334 46
a 311 337 35
a 311 336 18
a 311 335 7
a 312 338 29
a 312 337 12
a 312 336 20
a 313 339 21
a 313 338 12
a 313 337 40
a 314 340 20
a 314 339 11
a 314 338 39
a 315 341 38
a 315 340 26
a 315 339 33
a 316 342 36
a 316 341 17
a 316 340 11
a 317 343 41
a 317 342 17
a 317 341 19
a 318 344 19
a 318 343 15
a 318 342 34
a 319 345 24
a 319 344 15
a 319 343 9
a 320 346 29
a 320 345 10
a 320 344 41
a 321 347 49
a 321 346 17
a 321 345 46
a 322 348 10
a 322 347 38
a 322 346 33
a 323 349 23
a 323 348 27
a 323 347 11
a 324 350 33
a 324 349 16
a 324 348 33
a 325 351 8
a 325 350 50
a 325 349 3
a 326 327 27
a 326 351 12
a 326 350 42
a 327 353 45
a 327 352 30
a 327 376 27
a 328 354 9
a 328 353 16
a 328 352 17
a 329 355 23
a 329 354 24
a 329 353 35
a 330 356 32
a 330 355 16
a 330 354 8
a 331 357 48
a 331 356 13
a 331 355 37
a 332 358 36
a 332 357 45
a 332 356 37
a 333 359 14
a 333 358 8
a 333 357 46
a 334 360 31
a 334 359 42
a 334 358 18
a 335 361 32
a 335 360 46
a 335 359 50
a 336 362 44
a 336 361 37
a 336 360 10
a 337 363 23
a 337 362 14
a 337 361 38
a 338 364 38
a 338 363 30
a 338 362 32
a 339 365 13
a 339 364 17
a 339 363 42
a 340 366 30
a 340 365 26
a 340 364 14
a 341 367 43
a 341 366 14
a 341 365 47
a 342 368 39
a 342 367 50
a 342 366 45
a 343 369 48
a 343 368 45
a 343 367 32
a 344 370 40
a 344 369 14
a 344 368 47
a 345 371 35
a 345 370 16
a 345 369 28
a 346 372 24
a 346 371 25
a 346 370 9
a 347 373 37
a 347 372 14
a 347 371 4
a 348 374 18
a 348 373 47
a 348 372 27
a 349 375 36
a 349 374 38
a 349 373 16
a 350 376 12
a 350 375 3
a 350 374 29
a 351 352 25
a 351 376 49
a 351 375 10
a 352 378 27
a 352 377 45
a 352 401 2
a 353 379 23
a 353 378 26
a 353 377 43
a 354 380 37
a 354 379 25
a 354 378 40
a 355 381 2
a 355 380 4
a 355 379 31
a 356 382 28
a 356 381 14
a 356 380 18
a 357 383 43
a 357 382 18
a 357 381 41
a 358 384 39
a 358 383 44
a 358 382 29
a 359 385 28
a 359 384 9
a 359 383 48
a 360 386 30
a 360 385 39
a 360 384 34
a 361 387 28
a 361 386 49
a 361 385 47
a 362 388 23
a 362 387 2
a 362 386 23
a 363 389 50
a 363 388 44
a 363 387 49
a 364 390 24
a 364 389 36
a 364 388 22
a 365 391 29
a 365 390 16
a 365 389 10
a 366 392 43
a 366 391 35
a 366 390 13
a 367 393 10
a 367 392 25
a 367 391 40
a 368 394 5
a 368 393 5
a 368 392 34
a 369 395 15
a 369 394 3
a 369 393 24
a 370 396 4
a 370 395 36
a 370 394 1
a 371 397 2
a 371 396 34
a 371 395 30
a 372 398 5
a 372 397 6
a 372 396 9
a 373 399 1
a 373 398 5
a 373 397 33
a 374 400 36
a 374 399 28
a 374 398 33
a 375 401 3
a 375 400 37
a 375 399 8
a 376 377 38
a 376 401 49
a 376 400 37
a 377 403 14
a 377 402 40
a 377 426 31
a 378 404 19
a 378 403 25
a 378 402 40
a 379 405 23
a 379 404 48
a 379 403 46
a 380 406 10
a 380 405 48
a 380 404 10
a 381 407 43
a 381 406 29
a 381 405 13
a 382 408 48
a 382 407 39
a 382 406 16
a 383 409 4
a 383 408 22
a 383 407 23
a 384 410 31
a 384 409 4
a 384 408 23
a 385 411 19
a 385 410 13
a 385 409 8
a 386 412 19
a 386 411 1
a 386 410 12
a 387 413 10
a 387 412 31
a 387 411 1
a 388 414 34
a 388 413 22
a 388 412 15
a 389 415 31
a 389 414 17
a 389 413 35
a 390 416 30
a 390 415 29
a 390 414 9
a 391 417 8
a 391 416 41
a 391 415 18
a 392 418 49
a 392 417 9
a 392 416 10
a 393 419 20
a 393 418 31
a 393 417 9
a 394 420 25
a 394 419 3
a 394 418 15
a 395 421 39
a 395 420 12
a 395 419 47
a 396 422 40
a 396 421 25
a 396 420 16
a 397 423 22
a 397 422 26
a 397 421 34
a 398 424 46
a 398 423 42
a 398 422 44
a 399 425 14
a 399 424 28
a 399 423 29
a 400 426 42
a 400 425 36
a 400 424 10
a 401 402 33
a 401 426 3
a 401 425 39
a 402 428 43
a 402 427 14
a 402 451 49
a 403 429 23
a 403 428 24
a 403 427 47
a 404 430 27
a 404 429 38
a 404 428 18
a 405 431 40
a 405 430 37
a 405 429 42
a 406 432 14
a 406 431 2
a 406 430 30
a 407 433 39
a 407 432 37
a 407 431 19
a 408 434 32
a 408 433 32
a 408 432 43
a 409 435 9
a 409 434 11
a 409 433 38
a 410 436 46
a 410 435 22
a 410 434 1
a 411 437 50
a 411 436 10
a 411 435 43
a 412 438 13
a 412 437 10
a 412 436 27
a 413 439 39
a 413 438 8
a 413 437 19
a 414 440 28
a 414 439 25
a 414 438 43
a 415 441 14
a 415 440 16
a 415 439 21
a 416 442 17
a 416 441 46
a 416 440 10
a 417 443 4
a 417 442 16
a 417 441 23
a 418 444 37
a 418 443 10
a 418 442 14
a 419 445 49
a 419 444 47
a 419 443 45
a 420 446 20
a 420 445 50
a 420 444 6
a 421 447 32
a 421 446 44
a 421 445 1
a 422 448 43
a 422 447 20
a 422 446 1
a 423 449 1
a 423 448 40
a 423 447 15
a 424 450 25
a 424 449 34
a 424 448 5
a 425 451 43
a 425 450 4
a 425 449 33
a 426 427 40
a 426 451 13
a 426 450 48
a 427 453 7
a 427 452 37
a 427 476 15
a 428 454 17
a 428 453 50
a 428 452 20
a 429 455 15
a 429 454 47
a 429 453 8
a 430 456 14
a 430 455 2
a 430 454 7
a 431 457 9
a 431 456 4
a 431 455 28
a 432 458 30
a 432 457 4
a 432 456 9
a 433 459 19
a 433 458 21
a 433 457 4
a 434 460 4
a 434 459 25
a 434 458 4
a 435 461 7
a 435 460 9
a 435 459 28
a 436 462 21
a 436 461 7
a 436 460 22
a 437 463 8
a 437 462 23
a 437 461 11
a 438 464 9
a 438 463 42
a 438 462 18
a 439 465 5
a 439 464 1
a 439 463 34
a 440 466 8
a 440 465 7
a 440 464 48
a 441 467 12
a 441 466 37
a 441 465 14
a 442 468 17
a 442 467 45
a 442 466 24
a 443 469 37
a 443 468 48
a 443 467 4
a 444 470 14
a 444 469 3
a 444 468 22
a 445 471 24
a 445 470 33
a 445 469 26
a 446 472 32
a 446 471 4
a 446 470 34
a 447 473 4
a 447 472 15
a 447 471 5
a 448 474 47
a 448 473 32
a 448 472 14
a 449 475 48
a 449 474 17
a 449 473 22
a 450 476 6
a 450 475 16
a 450 474 27
a 451 452 42
a 451 476 31
a 451 475 34
a 452 478 39
a 452 477 5
a 452 501 45
a 453 479 38
a 453 478 8
a 453 477 14
a 454 480 41
a 454 479 31
a 454 478 2
a 455 481 23
a 455 480 8
a 455 479 15
a 456 482 28
a 456 481 42
a 456 480 41
a 457 483 42
a 457 482 48
a 457 481 22
a 458 484 25
a 458 483 11
a 458 482 28
a 459 485 41
a 459 484 32
a 459 483 26
a 460 486 9
a 460 485 10
a 460 484 25
a 461 487 39
a 461 486 44
a 461 485 33
a 462 488 43
a 462 487 40
a 462 486 24
a 463 489 50
a 463 488 3
a 463 487 14
a 464 490 33
a 464 489 5
a 464 488 2
a 465 491 40
a 465 490 21
a 465 489 44
a 466 492 33
a 466 491 11
a 466 490 18
a 467 493 30
a 467 492 35
a 467 491 45
a 468 494 42
a 468 493 14
a 468 492 39
a 469 495 24
a 469 494 41
a 469 493 13
a 470 496 33
a 470 495 16
a 470 494 6
a 471 497 28
a 471 496 48
a 471 495 16
a 472 498 18
a 472 497 23
a 472 496 4
a 473 499 22
a 473 498 39
a 473 497 47
a 474 500 26
a 474 499 42
a 474 498 48
a 475 501 49
a 475 500 35
a 475 499 30
a 476 477 11
a 476 501 4
a 476 500 22
a 477 503 45
a 477 502 50
a 477 526 4
a 478 504 10
a 478 503 38
a 478 502 34
a 479 505 1
a 479 504 3
a 479 503 25
a 480 506 18
a 480 505 10
a 480 504 50
a 481 507 17
a 481 506 25
a 481 505 35
a 482 508 39
a 482 507 30
a 482 506 14
a 483 509 29
a 483 508 26
a 483 507 31
a 484 510 20
a 484 509 26
a 484 508 5
a 485 511 6
a 485 510 7
a 485 509 30
a 486 512 11
a 486 511 28
a 486 510 28
a 487 513 11
a 487 512 32
a 487 511 41
a 488 514 50
a 488 513 15
a 488 512 35
a 489 515 2
a 489 514 41
a 489 513 47
a 490 516 13
a 490 515 43
a 490 514 47
a 491 517 39
a 491 516 29
a 491 515 16
a 492 518 19
a 492 517 42
a 492 516 32
a 493 519 46
a 493 518 23
a 493 517 22
a 494 520 21
a 494 519 29
a 494 518 1
a 495 521 28
a 495 520 8
a 495 519 22
a 496 522 5
a 496 521 38
a 496 520 30
a 497 523 38
a 497 522 30
a 497 521 40
a 498 524 4
a 498 523 14
a 498 522 50
a 499 525 45
a 499 524 12
a 499 523 50
a 500 526 39
a 500 525 10
a 500 524 3
a 501 502 17
a 501 526 25
a 501 525 18
a 502 528 8
a 502 527 6
a 502 551 6
a 503 529 32
a 503 528 30
a 503 527 26
a 504 530 10
a 504 529 32
a 504 528 22
a 505 531 20
a 505 530 3
a 505 529 42
a 506 532 9
a 506 531 32
a 506 530 21
a 507 533 38
a 507 532 22
a 507 531 28
a 508 534 3
a 508 533 23
a 508 532 15
a 509 535 15
a 509 534 24
a 509 533 19
a 510 536 26
a 510 535 29
a 510 534 15
a 511 537 1
a 511 536 46
a 511 535 3
a 512 538 8
a 512 537 3
a 512 536 21
a 513 539 39
a 513 538 29
a 513 537 28
a 514 540 20
a 514 539 50
a 514 538 12
a 515 541 23
a 515 540 43
a 515 539 21
a 516 542 6
a 516 541 14
a 516 540 42
a 517 543 29
a 517 542 41
a 517 541 50
a 518 544 2
a 518 543 7
a 518 542 39
a 519 545 25
a 519 544 25
a 519 543 42
a 520 546 3
a 520 545 41
a 520 544 8
a 521 547 50
a 521 546 45
a 521 545 33
a 522 548 3
a 522 547 15
a 522 546 35
a 523 549 31
a 523 548 45
a 523 547 45
a 524 550 32
a 524 549 6
a 524 548 33
a 525 551 24
a 525 550 26
a 525 549 3
a 526 527 37
a 526 551 20
a 526 550 27
a 527 553 29
a 527 552 19
a 527 576 32
a 528 554 36
a 528 553 10
a 528 552 11
a 529 555 12
a 529 554 3
a 529 553 12
a 530 556 3
a 530 555 10
a 530 554 38
a 531 557 47
a 531 556 44
a 531 555 43
a 532 558 14
a 532 557 29
a 532 556 44
a 533 559 8
a 533 558 23
a 533 557 46
a 534 560 13
a 534 559 5
a 534 558 28
a 535 561 40
a 535 560 7
a 535 559 11
a 536 562 9
a 536 561 33
a 536 560 35
a 537 563 30
a 537 562 17
a 537 561 23
a 538 564 39
a 538 563 27
a 538 562 4
a 539 565 41
a 539 564 40
a 539 563 39
a 540 566 2
a 540 565 29
a 540 564 2
a 541 567 45
a 541 566 21
a 541 565 6
a 542 568 25
a 542 567 15
a 542 566 3
a 543 569 47
a 543 568 12
a 543 567 16
a 544 570 4
a 544 569 42
a 544 568 25
a 545 571 12
a 545 570 2
a 545 569 37
a 546 572 47
a 546 571 36
a 546 570 26
a 547 573 13
a 547 572 11
a 547 571 35
a 548 574 41
a 548 573 14
a 548 572 16
a 549 575 30
a 549 574 4
a 549 573 4
a 550 576 8
a 550 575 5
a 550 574 46
a 551 552 31
a 551 576 11
a 551 575 47
a 552 578 47
a 552 577 15
a 552 601 43
a 553 579 10
a 553 578 32
a 553 577 18
a 554 580 1
a 554 579 6
a 554 578 14
a 555 581 5
a 555 580 42
a 555 579 19
a 556 582 42
a 556 581 19
a 556 580 31
a 557 583 2
a 557 582 3
a 557 581 27
a 558 584 15
a 558 583 20
a 558 582 41
a 559 585 18
a 559 584 23
a 559 583 31
a 560 586 25
a 560 585 20
a 560 584 12
a 561 587 35
a 561 586 18
a 561 585 21
a 562 588 1
a 562 587 11
a 562 586 1
a 563 589 32
a 563 588 28
a 563 587 49
a 564 590 39
a 564 589 43
a 564 588 9
a 565 591 30
a 565 590 12
a 565 589 11
a 566 592 50
a 566 591 42
a 566 590 15
a 567 593 3
a 567 592 20
a 567 591 7
a 568 594 24
a 568 593 10
a 568 592 8
a 569 595 49
a 569 594 42
a 569 593 25
a 570 596 18
a 570 595 3
a 570 594 44
a 571 597 36
a 571 596 23
a 571 595 18
a 572 598 46
a 572 597 26
a 572 596 4
a 573 599 23
a 573 598 24
a 573 597 4
a 574 600 17
a 574 599 34
a 574 598 37
a 575 601 28
a 575 600 45
a 575 599 25
a 576 577 19
a 576 601 9
a 576 600 6
a 577 603 40
a 577 602 17
a 577 626 6
a 578 604 1
a 578 603 25
a 578 602 10
a 579 605 42
a 579 604 1
a 579 603 35
a 580 606 44
a 580 605 44
a 580 604 33
a 581 607 19
a 581 606 12
a 581 605 1
a 582 608 44
a 582 607 17
a 582 606 38
a 583 609 19
a 583 608 23
a 583 607 33
a 584 610 3
a 584 609 9
a 584 608 7
a 585 611 49
a 585 610 36
a 585 609 23
a 586 612 7
a 586 611 43
a 586 610 3
a 587 613 24
a 587 612 50
a 587 611 23
a 588 614 50
a 588 613 11
a 588 612 13
a 589 615 50
a 589 614 46
a 589 613 13
a 590 616 45
a 590 615 28
a 590 614 5
a 591 617 6
a 591 616 28
a 591 615 50
a 592 618 25
a 592 617 17
a 592 616 18
a 593 619 47
a 593 618 49
a 593 617 13
a 594 620 5
a 594 619 7
a 594 618 34
a 595 621 42
a 595 620 32
a 595 619 36
a 596 622 35
a 596 621 34
a 596 620 34
a 597 623 36
a 597 622 6
a 597 621 42
a 598 624 47
a 598 623 20
a 598 622 17
a 599 625 42
a 599 624 33
a 599 623 18
a 600 626 21
a 600 625 39
a 600 624 19
a 601 602 1
a 601 626 38
a 601 625 14
a 602 627 150
a 603 627 150
a 604 627 150
a 605 627 150
a 606 627 150
a 607 627 150
a 608 627 150
a 609 627 150
a 610 627 150
a 611 627 150
a 612 627 150
a 613 627 150
a 614 627 150
a 615 627 150
a 616 627 150
a 617 627 150
a 618 627 150
a 619 627 150
a 620 627 150
a 621 627 150
a 622 627 150
a 623 627 150
a 624 627 150
a 625 627 150
a 626 627 150
